2005 36
2006 52
2013 -19
2011 19
2007 -18
2014 28
2012 -15
2011 -17
2010 21
2005 47
2013 -2
2007 -17
2013 -4
2016 4
2009 -15
2008 38
2013 1
2015 44
2010 48
2007 17
2015 27
2015 -6
2006 5
2009 -13
2012 49
2015 58
2008 3
2013 10
2009 38
2010 40
2012 -18
2006 20
2013 46
2010 29
2005 -2
2005 59
2015 45
2009 0
2016 22
2016 56
2013 36
2012 54
2013 12
2007 -19
2011 25
2014 35
2012 27
2015 -18
2011 -10
2006 -13
2008 57
2007 30
2009 21
2006 20
2005 59
2009 15
2012 24
2016 59
2011 -6
2010 45
2007 47
2008 25
2008 26
2012 5
2009 40
2016 51
2012 -6
2013 50
2009 34
2008 -12
2015 37
2015 -2
2010 59
2007 15
2014 41
2005 -4
2008 40
2011 56
2007 35
2008 14
2012 -12
2009 -14
2012 29
2012 -1
2016 -18
2015 58
2005 -20
2011 -20
2007 26
2014 11
2008 24
2008 34
2015 11
2013 10
2005 20
2010 -2
2010 21
2007 -11
2010 27
2007 44
2005 -4
2009 -10
2005 37
2008 30
2006 -6
2010 38
2006 49
2009 8
2007 -10
2015 19
2006 -9
2016 46
2013 46
2011 50
2015 28
2011 -8
2013 2
2007 24
2015 -5
2008 30
2014 -5
2010 50
2006 -10
2012 21
2013 -4
2005 -7
2006 51
2011 23
2010 30
2010 -17
2009 27
2009 -20
2013 24
2008 38
2016 -11
2013 21
2007 20
2016 9
2010 4
2010 38
2013 36
2013 45
2016 48
2016 34
2007 35
2010 31
2015 -20
2010 26
2014 -6
2011 47
2015 49
2013 14
2013 2
2014 0
2008 3
2006 2
2011 52
2009 3
2014 0
2012 14
2016 -10
2010 -4
2011 56
2006 55
2007 -10
2005 57
2015 -5
2006 0
2006 -7
2013 28
2010 -14
2012 0
2008 25
2009 -4
2007 17
2014 -9
2012 29
2014 16
2014 -7
2012 27
2009 -13
2005 -8
2013 26
2009 46
2016 7
2012 -17
2005 46
2011 32
2016 41
2013 6
2008 31
2015 20
2011 35
2012 -18
2005 26
2005 19
2016 43
2006 25
2015 34
2005 57
2005 -6
2010 51
2013 29
2011 45
2011 20
2011 12
2015 59
2009 22
2009 -15
2005 -14
2015 -5
2015 24
2005 -19
2008 -16
2014 42
2009 33
2005 10
2009 -20
2014 44
2016 -14
2009 19
2011 0
2010 42
2007 58
2007 47
2013 51
2012 48
2014 31
2016 55
2016 -14
2012 43
2009 58
2010 -3
2011 23
2006 42
2007 20
2013 7
2015 40
2013 -13
2012 -15
2009 -7
2012 17
2009 -7
2006 -16
2013 -1
2012 57
2008 6
2015 57
2009 47
2016 8
2006 35
2012 28
2006 26
2011 50
2012 19
2008 39
2006 -18
2014 26
2005 -19
2008 -6
2006 24
2013 46
2007 6
2009 -4
2009 51
2008 -11
2006 -8
2011 49
2010 10
2007 36
2015 50
2007 36
2014 13
2016 11
2011 57
2005 12
2007 50
2009 45
2008 10
2013 15
2014 -13
2010 -10
2014 -1
2005 19
2011 58
2007 50
2007 14
2012 -19
2008 30
2011 -18
2014 29
2011 43
2005 42
2016 24
2010 56
2009 55
2009 -17
2008 2
2016 27
2007 -1
2016 6
2011 16
2007 6
2014 11
2012 -13
2012 36
2007 5
2010 22
2014 -3
2007 1
2007 6
2012 21
2014 40
2012 -19
2015 30
2008 49
2009 18
2011 18
2016 21
2012 22
2013 28
2010 54
2014 -19
2009 27
2016 15
2009 17
2006 50
2016 38
2014 19
2015 44
2007 -18
2015 57
2014 30
2013 27
2015 40
2005 24
2011 -5
2008 39
2006 52
2006 -20
2008 55
2013 24
2014 42
2014 8
2011 47
2008 40
2010 25
2010 38
2016 22
2008 46
2007 33
2008 6
2007 -15
2008 -13
2012 -9
2016 9
2006 49
2013 -16
2010 53
2011 -20
2007 -9
2011 -17
2012 2
2014 48
2013 9
2006 58
2005 -5
2014 -20
2015 38
2007 19
2005 32
2010 -10
2012 8
2015 1
2014 1
2014 21
2009 -19
2011 -5
2015 44
2015 14
2011 -4
2016 23
2014 27
2005 12
2006 42
2015 24
2006 -20
2010 48
2015 33
2016 28
2015 6
2007 37
2012 4
2009 15
2015 -19
2007 20
2016 41
2012 56
2012 3
2013 7
2012 9
2008 11
2005 -17
2013 34
2013 28
2005 1
2006 36
2005 38
2008 39
2006 30
2014 38
2008 10
2012 54
2008 54
2010 10
2010 21
2015 27
2010 6
2011 33
2006 5
2005 31
2011 21
2005 10
2007 -13
2011 25
2016 12
2012 26
2008 50
2008 -9
2016 -5
2013 -12
2005 15
2016 -7
2009 48
2008 52
2006 22
2010 -5
2015 41
2013 15
2010 58
2011 33
2014 21
2006 -10
2012 18
2010 42
2016 -11
2014 32
2008 -13
2010 36
2010 16
2010 11
2006 53
2010 58
2010 46
2006 -5
2016 28
2014 23
2012 46
2008 -18
2007 -12
2015 -4
2006 -6
2009 9
2006 -8
2012 16
2012 -15
2005 5
2009 18
2010 13
2011 -1
2014 20
2013 -2
2007 47
2016 42
2016 21
2015 -19
2008 11
2016 56
2014 15
2013 35
2007 4
2006 29
2015 33
2014 44
2005 20
2014 11
2009 32
2011 3
2007 37
2005 26
2009 34
2011 -18
2012 40
2005 49
2010 39
2011 -1
2005 18
2008 -10
2014 -7
2007 43
2007 2
2005 8
2008 50
2011 54
2011 -4
2005 -4
2014 50
2009 21
2013 53
2009 -6
2013 -7
2008 45
2006 14
2010 56
2015 38
2014 47
2005 45
2014 34
2008 -8
2011 43
2007 -11
2015 -11
2007 -15
2012 52
2007 36
2006 5
2005 42
2005 32
2005 49
2012 49
2009 16
2006 39
2016 -16
2016 -3
2008 -18
2014 38
2013 -17
2016 46
2013 44
2007 15
2016 2
2011 57
2016 45
2010 8
2008 28
2016 47
2006 2
2015 37
2009 -20
2016 31
2011 31
2005 55
2008 42
2008 -20
2007 48
2006 47
2010 27
2015 58
2014 -3
2005 21
2006 9
2008 9
2012 25
2014 50
2012 32
2009 36
2005 30
2015 55
2006 18
2013 40
2010 37
2016 16
2005 4
2006 -8
2015 59
2011 25
2016 2
2016 -8
2014 33
2011 18
2011 21
2014 -19
2016 14
2013 37
2009 -19
2013 8
2015 49
2006 33
2010 35
2009 45
2015 -5
2013 47
2013 41
2012 17
2009 5
2015 15
2006 41
2009 14
2006 -18
2014 9
